function mpc = casecineldi124

%% MATPOWER Case Format : Version 2
mpc.version = '2';

%%-----  Power Flow Data  -----%%
%% system MVA base
mpc.baseMVA = 10;
%% bus data
%	bus_i	type	Pd	Qd	Gs	Bs	area	Vm	Va	baseKV	zone	Vmax	Vmin
mpc.bus = [  
    1	3	0	 0	0	0	0	1	0	22	0	1.2	0.9;
    2	1	0.102573285	0.033712762	0	0	0	0.9984	-0.0694	22	0	1.2	0.9;
    3	1	0	0	0	0	0	0.9974	-0.1119	22	0	1.2	0.9;
    4	1	0	0	0	0	0	0.9958	-0.1505	22	0	1.2	0.9;
    5	1	0	0	0	0	0	0.9954	-0.1602	22	0	1.2	0.9;
    6	1	0.312282822	0.102637995	0	0	0	0.9957	-0.151	22	0	1.2	0.9;
    7	1	0	0	0	0	0	0.9926	-0.1981	22	0	1.2	0.9;
    8	1	0.070066843	0.023028869	0	0	0	0.9954	-0.1602	22	0	1.2	0.9;
    9	1	0	0	0	0	0	0.9911	-0.219	22	0	1.2	0.9;
    10	1	0.077479408	0.025465157	0	0	0	0.9926	-0.1981	22	0	1.2	0.9;
    11	1	0.054436733	0.017891721	0	0	0	0.9926	-0.1981	22	0	1.2	0.9;
    12	1	0	0	0	0	0	0.9866	-0.2819	22	0	1.2	0.9;
    13	1	0.069716613	0.022913759	0	0	0	0.9911	-0.2191	22	0	1.2	0.9;
    14	1	0.044766026	0.01471325	0	0	0	0.9911	-0.2191	22	0	1.2	0.9;
    15	1	0.034603003	0.011372969	0	0	0	0.9911	-0.219	22	0	1.2	0.9;
    16	1	0	0	0	0	0	0.9866	-0.2821	22	0	1.2	0.9;
    17	1	0.083955294	0.027593586	0	0	0	0.9866	-0.2821	22	0	1.2	0.9;
    18	1	0.059472768	0.019546915	0	0	0	0.9864	-0.2832	22	0	1.2	0.9;
    19	1	0	0	0	0	0	0.9863	-0.284	22	0	1.2	0.9;
    20	1	0.098526154	0.032382591	0	0	0	0.9863	-0.284	22	0	1.2	0.9;
    21	1	0.016413906	0.005394758	0	0	0	0.9863	-0.284	22	0	1.2	0.9;
    22	1	0	0	0	0	0	0.9863	-0.284	22	0	1.2	0.9;
    23	1	0	0	0	0	0	0.9863	-0.2839	22	0	1.2	0.9;
    24	1	0	0	0	0	0	0.9862	-0.2836	22	0	1.2	0.9;
    25	1	0.014601533	0.004799086	0	0	0	0.9862	-0.2836	22	0	1.2	0.9;
    26	1	0	0	0	0	0	0.9831	-0.3307	22	0	1.2	0.9;
    27	1	0	0	0	0	0	0.9831	-0.3316	22	0	1.2	0.9;
    28	1	0.067753353	0.022268495	0	0	0	0.9831	-0.3316	22	0	1.2	0.9;
    29	1	0	0	0	0	0	0.9831	-0.3316	22	0	1.2	0.9;
    30	1	0	0	0	0	0	0.9831	-0.3315	22	0	1.2	0.9;
    31	1	0.116475606	0.038282037	0	0	0	0.9831	-0.3314	22	0	1.2	0.9;
    32	1	0.232441763	0.076396634	0	0	0	0.983	-0.3325	22	0	1.2	0.9;
    33	1	0	0	0	0	0	0.9801	-0.3735	22	0	1.2	0.9;
    34	1	0.104628467	0.034388238	0	0	0	0.98	-0.3742	22	0	1.2	0.9;
    35	1	0	0	0	0	0	0.98	-0.3742	22	0	1.2	0.9;
    36	1	0	0	0	0	0	0.98	-0.3742	22	0	1.2	0.9;
    37	1	0	0	0	0	0	0.978	-0.4039	22	0	1.2	0.9;
    38	1	0	0	0	0	0	0.9779	-0.404	22	0	1.2	0.9;
    39	1	0.058684029	0.01928768	0	0	0	0.9779	-0.404	22	0	1.2	0.9;
    40	1	0.057927814	0.019039135	0	0	0	0.9735	-0.4672	22	0	1.2	0.9;
    41	1	0.027772815	0.009128091	0	0	0	0.9735	-0.4671	22	0	1.2	0.9;
    42	1	0	0	0	0	0	0.9683	-0.5423	22	0	1.2	0.9;
    43	1	0	0	0	0	0	0.9683	-0.5425	22	0	1.2	0.9;
    44	1	0.031022705	0.010196233	0	0	0	0.9663	-0.5715	22	0	1.2	0.9;
    45	1	0	0	0	0	0	0.966	-0.5765	22	0	1.2	0.9;
    46	1	0.291088254	0.095671976	0	0	0	0.9635	-0.612	22	0	1.2	0.9;
    47	1	0.135757959	0.044619568	0	0	0	0.9596	-0.6693	22	0	1.2	0.9;
    48	1	0	0	0	0	0	0.9593	-0.6735	22	0	1.2	0.9;
    49	1	0.359524213	0.118164823	0	0	0	0.9594	-0.6732	22	0	1.2	0.9;
    50	1	0	0	0	0	0	0.9593	-0.6729	22	0	1.2	0.9;
    51	1	0.074594722	0.024517047	0	0	0	0.9593	-0.6729	22	0	1.2	0.9;
    52	1	0	0	0	0	0	0.9594	-0.6732	22	0	1.2	0.9;
    53	1	0	0	0	0	0	0.959	-0.6732	22	0	1.2	0.9;
    54	1	0	0	0	0	0	0.959	-0.6756	22	0	1.2	0.9;
    55	1	0.315686649	0.103756731	0	0	0	0.9589	-0.6777	22	0	1.2	0.9;
    56	1	0	0	0	0	0	0.9589	-0.6777	22	0	1.2	0.9;
    57	1	0	0	0	0	0	0.9589	-0.6782	22	0	1.2	0.9;
    58	1	0	0	0	0	0	0.9589	-0.6789	22	0	1.2	0.9;
    59	1	0	0	0	0	0	0.9589	-0.6789	22	0	1.2	0.9;
    60	1	0	0	0	0	0	0.9589	-0.6789	22	0	1.2	0.9;
    61	1	0	0	0	0	0	0.9589	-0.6789	22	0	1.2	0.9;
    62	1	0	0	0	0	0	0.9589	-0.6789	22	0	1.2	0.9;
    63	1	0	0	0	0	0	0.9589	-0.6727	22	0	1.2	0.9;
    64	1	0.147713084	0.048548859	0	0	0	0.9589	-0.6727	22	0	1.2	0.9;
    65	1	0	0	0	0	0	0.9589	-0.673	22	0	1.2	0.9;
    66	1	0.032251718	0.010600172	0	0	0	0.9589	-0.673	22	0	1.2	0.9;
    67	1	0.025001712	0.008217313	0	0	0	0.9584	-0.6876	22	0	1.2	0.9;
    68	1	0.00873254	0.002870124	0	0	0	0.9571	-0.7061	22	0	1.2	0.9;
    69	1	0.019565074	0.006430453	0	0	0	0.9555	-0.7303	22	0	1.2	0.9;
    70	1	0.085248477	0.028018617	0	0	0	0.9547	-0.7427	22	0	1.2	0.9;
    71	1	0	0	0	0	0	0.9541	-0.7505	22	0	1.2	0.9;
    72	1	0	0	0	0	0	0.9533	-0.7623	22	0	1.2	0.9;
    73	1	0.455683423	0.149769471	0	0	0	0.9533	-0.7624	22	0	1.2	0.9;
    74	1	0	0	0	0	0	0.9533	-0.7626	22	0	1.2	0.9;
    75	1	0	0	0	0	0	0.9527	-0.764	22	0	1.2	0.9;
    76	1	0	0	0	0	0	0.9527	-0.764	22	0	1.2	0.9;
    77	1	0	0	0	0	0	0.9527	-0.764	22	0	1.2	0.9;
    78	1	0	0	0	0	0	0.9527	-0.764	22	0	1.2	0.9;
    79	1	0	0	0	0	0	0.9522	-0.7653	22	0	1.2	0.9;
    80	1	0.021937664	0.007210252	0	0	0	0.9522	-0.7654	22	0	1.2	0.9;
    81	1	0	0	0	0	0	0.9522	-0.7654	22	0	1.2	0.9;
    82	1	0	0	0	0	0	0.9521	-0.7665	22	0	1.2	0.9;
    83	1	0	0	0	0	0	0.9518	-0.7714	22	0	1.2	0.9;
    84	1	0.026927092	0.008850127	0	0	0	0.9518	-0.7714	22	0	1.2	0.9;
    85	1	0	0	0	0	0	0.9516	-0.775	22	0	1.2	0.9;
    86	1	0	0	0	0	0	0.9514	-0.7781	22	0	1.2	0.9;
    87	1	0	0	0	0	0	0.9514	-0.7781	22	0	1.2	0.9;
    88	1	0	0	0	0	0	0.9514	-0.7781	22	0	1.2	0.9;
    89	1	0	0	0	0	0	0.9513	-0.7781	22	0	1.2	0.9;
    90	1	0.043781881	0.014389791	0	0	0	0.9513	-0.7782	22	0	1.2	0.9;
    91	1	0.153539557	0.050463846	0	0	0	0.9513	-0.7786	22	0	1.2	0.9;
    92	1	0.073773438	0.024247116	0	0	0	0.9514	-0.7781	22	0	1.2	0.9;
    93	1	0	0	0	0	0	0.9514	-0.7781	22	0	1.2	0.9;
    94	1	0	0	0	0	0	0.9513	-0.7795	22	0	1.2	0.9;
    95	1	0	0	0	0	0	0.9513	-0.7796	22	0	1.2	0.9;
    96	1	0.183788623	0.060405807	0	0	0	0.9512	-0.7791	22	0	1.2	0.9;
    97	1	0	0	0	0	0	0.9515	-0.7748	22	0	1.2	0.9;
    98	1	0	0	0	0	0	0.9515	-0.7748	22	0	1.2	0.9;
    99	1	0.082191692	0.027013943	0	0	0	0.9515	-0.7748	22	0	1.2	0.9;
    100	1	0	0	0	0	0	0.952	-0.766	22	0	1.2	0.9;
    101	1	0.186032156	0.061143189	0	0	0	0.952	-0.766	22	0	1.2	0.9;
    102	1	0	0	0	0	0	0.9527	-0.764	22	0	1.2	0.9;
    103	1	0.29551181	0.097125867	0	0	0	0.9527	-0.7641	22	0	1.2	0.9;
    104	1	0	0	0	0	0	0.9527	-0.7642	22	0	1.2	0.9;
    105	1	0.296369037	0.097407611	0	0	0	0.9527	-0.7642	22	0	1.2	0.9;
    106	1	0.202089304	0.066420691	0	0	0	0.9541	-0.7504	22	0	1.2	0.9;
    107	1	0	0	0	0	0	0.9533	-0.7629	22	0	1.2	0.9;
    108	1	0.111655223	0.036697722	0	0	0	0.9533	-0.763	22	0	1.2	0.9;
    109	1	0.046128009	0.015160893	0	0	0	0.9682	-0.5433	22	0	1.2	0.9;
    110	1	0	0	0	0	0	0.9681	-0.5441	22	0	1.2	0.9;
    111	1	0.276548514	0.0908932	0	0	0	0.9681	-0.5441	22	0	1.2	0.9;
    112	1	0	0	0	0	0	0.9683	-0.5433	22	0	1.2	0.9;
    113	1	0.00078442	0.000257815	0	0	0	0.9683	-0.5433	22	0	1.2	0.9;
    114	1	0.077797225	0.025569614	0	0	0	0.9682	-0.5441	22	0	1.2	0.9;
    115	1	0	0	0	0	0	0.9683	-0.5429	22	0	1.2	0.9;
    116	1	0	0	0	0	0	0.9659	-0.5773	22	0	1.2	0.9;
    117	1	0.121147488	0.039817545	0	0	0	0.9589	-0.6789	22	0	1.2	0.9;
    118	1	0.035388698	0.011631203	0	0	0	0.9683	-0.5429	22	0	1.2	0.9;
    119	1	0	0	0	0	0	0.9658	-0.5778	22	0	1.2	0.9;
    120	1	0.263253107	0.086523399	0	0	0	0.9657	-0.577	22	0	1.2	0.9;
    121	1	0.068540778	0.022527298	0	0	0	0.9658	-0.5781	22	0	1.2	0.9;
    122	1	0	0	0	0	0	0.9658	-0.5778	22	0	1.2	0.9;
    123	1	0	0	0	0	0	0.9658	-0.5778	22	0	1.2	0.9;
    124	1	0.153542804	0.050464913	0	0	0	0.9659	-0.5773	22	0	1.2	0.9;
]; 

%% generator data
%	bus	Pg	Qg	Qmax	Qmin	Vg	mBase	status	Pmax	Pmin	Pc1	Pc2	Qc1min	Qc1max	Qc2min	Qc2max	ramp_agc	ramp_10	ramp_30	ramp_q	apf
mpc.gen = [
	1	0	0	10	-10	1	100	1	10	0	0	0	0	0	0	0	0	0	0	0	0;
];

%% branch data
%	fbus	tbus	r	x	b	rateA	rateB	rateC	ratio	angle	status	angmin	angmax
